combined_sounds/det1_big0s.wav	2.17498866213	0.766258503401	200	1.20743764172
combined_sounds/det1_big0p.wav	2.11693877551	0.766258503401	200	1.1493877551
combined_sounds/det1_big0_es.wav	2.12383219955	0.766258503401	200	1.15628117914
combined_sounds/det1_big0_ep.wav	1.97761904762	0.766258503401	200	1.01006802721
combined_sounds/det2_big0s.wav	2.07049886621	0.661768707483	200	1.20743764172
combined_sounds/det2_big0p.wav	2.01244897959	0.661768707483	200	1.1493877551
combined_sounds/det2_big0_es.wav	2.01934240363	0.661768707483	200	1.15628117914
combined_sounds/det2_big0_ep.wav	1.8731292517	0.661768707483	200	1.01006802721
combined_sounds/det3_big0s.wav	2.05888888889	0.650158730159	200	1.20743764172
combined_sounds/det3_big0p.wav	2.00083900227	0.650158730159	200	1.1493877551
combined_sounds/det3_big0_es.wav	2.0077324263	0.650158730159	200	1.15628117914
combined_sounds/det3_big0_ep.wav	1.86151927438	0.650158730159	200	1.01006802721
combined_sounds/det4_big0s.wav	2.03566893424	0.62693877551	200	1.20743764172
combined_sounds/det4_big0p.wav	1.97761904762	0.62693877551	200	1.1493877551
combined_sounds/det4_big0_es.wav	1.98451247166	0.62693877551	200	1.15628117914
combined_sounds/det4_big0_ep.wav	1.83829931973	0.62693877551	200	1.01006802721
combined_sounds/det1_big1s.wav	2.08653061224	0.766258503401	200	1.11897959184
combined_sounds/det1_big1p.wav	1.75702947846	0.766258503401	200	0.78947845805
combined_sounds/det1_big1_es.wav	1.90795918367	0.766258503401	200	0.940408163265
combined_sounds/det1_big1_ep.wav	2.08210884354	0.766258503401	200	1.11455782313
combined_sounds/det2_big1s.wav	1.98204081633	0.661768707483	200	1.11897959184
combined_sounds/det2_big1p.wav	1.65253968254	0.661768707483	200	0.78947845805
combined_sounds/det2_big1_es.wav	1.80346938776	0.661768707483	200	0.940408163265
combined_sounds/det2_big1_ep.wav	1.97761904762	0.661768707483	200	1.11455782313
combined_sounds/det3_big1s.wav	1.970430839	0.650158730159	200	1.11897959184
combined_sounds/det3_big1p.wav	1.64092970522	0.650158730159	200	0.78947845805
combined_sounds/det3_big1_es.wav	1.79185941043	0.650158730159	200	0.940408163265
combined_sounds/det3_big1_ep.wav	1.96600907029	0.650158730159	200	1.11455782313
combined_sounds/det4_big1s.wav	1.94721088435	0.62693877551	200	1.11897959184
combined_sounds/det4_big1p.wav	1.61770975057	0.62693877551	200	0.78947845805
combined_sounds/det4_big1_es.wav	1.76863945578	0.62693877551	200	0.940408163265
combined_sounds/det4_big1_ep.wav	1.94278911565	0.62693877551	200	1.11455782313
combined_sounds/det1_big2s.wav	1.98922902494	0.766258503401	200	1.02167800454
combined_sounds/det1_big2p.wav	1.86151927438	0.766258503401	200	0.893968253968
combined_sounds/det1_big2_es.wav	2.11693877551	0.766258503401	200	1.1493877551
combined_sounds/det1_big2_ep.wav	1.88473922902	0.766258503401	200	0.917188208617
combined_sounds/det2_big2s.wav	1.88473922902	0.661768707483	200	1.02167800454
combined_sounds/det2_big2p.wav	1.75702947846	0.661768707483	200	0.893968253968
combined_sounds/det2_big2_es.wav	2.01244897959	0.661768707483	200	1.1493877551
combined_sounds/det2_big2_ep.wav	1.78024943311	0.661768707483	200	0.917188208617
combined_sounds/det3_big2s.wav	1.8731292517	0.650158730159	200	1.02167800454
combined_sounds/det3_big2p.wav	1.74541950113	0.650158730159	200	0.893968253968
combined_sounds/det3_big2_es.wav	2.00083900227	0.650158730159	200	1.1493877551
combined_sounds/det3_big2_ep.wav	1.76863945578	0.650158730159	200	0.917188208617
combined_sounds/det4_big2s.wav	1.84990929705	0.62693877551	200	1.02167800454
combined_sounds/det4_big2p.wav	1.72219954649	0.62693877551	200	0.893968253968
combined_sounds/det4_big2_es.wav	1.97761904762	0.62693877551	200	1.1493877551
combined_sounds/det4_big2_ep.wav	1.74541950113	0.62693877551	200	0.917188208617
combined_sounds/det1_big3s.wav	1.96600907029	0.766258503401	200	0.998458049887
combined_sounds/det1_big3p.wav	2.10532879819	0.766258503401	200	1.13777777778
combined_sounds/det1_big3_es.wav	2.36240362812	0.766258503401	200	1.39485260771
combined_sounds/det1_big3_ep.wav	2.09371882086	0.766258503401	200	1.12616780045
combined_sounds/det2_big3s.wav	1.86151927438	0.661768707483	200	0.998458049887
combined_sounds/det2_big3p.wav	2.00083900227	0.661768707483	200	1.13777777778
combined_sounds/det2_big3_es.wav	2.2579138322	0.661768707483	200	1.39485260771
combined_sounds/det2_big3_ep.wav	1.98922902494	0.661768707483	200	1.12616780045
combined_sounds/det3_big3s.wav	1.84990929705	0.650158730159	200	0.998458049887
combined_sounds/det3_big3p.wav	1.98922902494	0.650158730159	200	1.13777777778
combined_sounds/det3_big3_es.wav	2.24630385488	0.650158730159	200	1.39485260771
combined_sounds/det3_big3_ep.wav	1.97761904762	0.650158730159	200	1.12616780045
combined_sounds/det4_big3s.wav	1.8266893424	0.62693877551	200	0.998458049887
combined_sounds/det4_big3p.wav	1.96600907029	0.62693877551	200	1.13777777778
combined_sounds/det4_big3_es.wav	2.22308390023	0.62693877551	200	1.39485260771
combined_sounds/det4_big3_ep.wav	1.95439909297	0.62693877551	200	1.12616780045
combined_sounds/det1_big4s.wav	2.07049886621	0.766258503401	200	1.1029478458
combined_sounds/det1_big4p.wav	2.08653061224	0.766258503401	200	1.11897959184
combined_sounds/det1_big4_es.wav	2.14015873016	0.766258503401	200	1.17260770975
combined_sounds/det1_big4_ep.wav	2.07049886621	0.766258503401	200	1.1029478458
combined_sounds/det2_big4s.wav	1.96600907029	0.661768707483	200	1.1029478458
combined_sounds/det2_big4p.wav	1.98204081633	0.661768707483	200	1.11897959184
combined_sounds/det2_big4_es.wav	2.03566893424	0.661768707483	200	1.17260770975
combined_sounds/det2_big4_ep.wav	1.96600907029	0.661768707483	200	1.1029478458
combined_sounds/det3_big4s.wav	1.95439909297	0.650158730159	200	1.1029478458
combined_sounds/det3_big4p.wav	1.970430839	0.650158730159	200	1.11897959184
combined_sounds/det3_big4_es.wav	2.02405895692	0.650158730159	200	1.17260770975
combined_sounds/det3_big4_ep.wav	1.95439909297	0.650158730159	200	1.1029478458
combined_sounds/det4_big4s.wav	1.93117913832	0.62693877551	200	1.1029478458
combined_sounds/det4_big4p.wav	1.94721088435	0.62693877551	200	1.11897959184
combined_sounds/det4_big4_es.wav	2.00083900227	0.62693877551	200	1.17260770975
combined_sounds/det4_big4_ep.wav	1.93117913832	0.62693877551	200	1.1029478458
combined_sounds/det1_big5s.wav	2.31031746032	0.766258503401	200	1.34276643991
combined_sounds/det1_big5p.wav	2.2098185941	0.766258503401	200	1.2422675737
combined_sounds/det1_big5_es.wav	2.22142857143	0.766258503401	200	1.25387755102
combined_sounds/det1_big5_ep.wav	2.00083900227	0.766258503401	200	1.03328798186
combined_sounds/det2_big5s.wav	2.2058276644	0.661768707483	200	1.34276643991
combined_sounds/det2_big5p.wav	2.10532879819	0.661768707483	200	1.2422675737
combined_sounds/det2_big5_es.wav	2.11693877551	0.661768707483	200	1.25387755102
combined_sounds/det2_big5_ep.wav	1.89634920635	0.661768707483	200	1.03328798186
combined_sounds/det3_big5s.wav	2.19421768707	0.650158730159	200	1.34276643991
combined_sounds/det3_big5p.wav	2.09371882086	0.650158730159	200	1.2422675737
combined_sounds/det3_big5_es.wav	2.10532879819	0.650158730159	200	1.25387755102
combined_sounds/det3_big5_ep.wav	1.88473922902	0.650158730159	200	1.03328798186
combined_sounds/det4_big5s.wav	2.17099773243	0.62693877551	200	1.34276643991
combined_sounds/det4_big5p.wav	2.07049886621	0.62693877551	200	1.2422675737
combined_sounds/det4_big5_es.wav	2.08210884354	0.62693877551	200	1.25387755102
combined_sounds/det4_big5_ep.wav	1.86151927438	0.62693877551	200	1.03328798186
combined_sounds/det1_big6s.wav	1.88473922902	0.766258503401	200	0.917188208617
combined_sounds/det1_big6p.wav	2.25081632653	0.766258503401	200	1.28326530612
combined_sounds/det1_big6_es.wav	2.04727891156	0.766258503401	200	1.07972789116
combined_sounds/det1_big6_ep.wav	2.12854875283	0.766258503401	200	1.16099773243
combined_sounds/det2_big6s.wav	1.78024943311	0.661768707483	200	0.917188208617
combined_sounds/det2_big6p.wav	2.14632653061	0.661768707483	200	1.28326530612
combined_sounds/det2_big6_es.wav	1.94278911565	0.661768707483	200	1.07972789116
combined_sounds/det2_big6_ep.wav	2.02405895692	0.661768707483	200	1.16099773243
combined_sounds/det3_big6s.wav	1.76863945578	0.650158730159	200	0.917188208617
combined_sounds/det3_big6p.wav	2.13471655329	0.650158730159	200	1.28326530612
combined_sounds/det3_big6_es.wav	1.93117913832	0.650158730159	200	1.07972789116
combined_sounds/det3_big6_ep.wav	2.01244897959	0.650158730159	200	1.16099773243
combined_sounds/det4_big6s.wav	1.74541950113	0.62693877551	200	0.917188208617
combined_sounds/det4_big6p.wav	2.11149659864	0.62693877551	200	1.28326530612
combined_sounds/det4_big6_es.wav	1.90795918367	0.62693877551	200	1.07972789116
combined_sounds/det4_big6_ep.wav	1.98922902494	0.62693877551	200	1.16099773243
combined_sounds/det1_big7s.wav	1.79185941043	0.766258503401	200	0.824308390023
combined_sounds/det1_big7p.wav	1.78024943311	0.766258503401	200	0.812698412698
combined_sounds/det1_big7_es.wav	1.84990929705	0.766258503401	200	0.882358276644
combined_sounds/det1_big7_ep.wav	2.01244897959	0.766258503401	200	1.04489795918
combined_sounds/det2_big7s.wav	1.68736961451	0.661768707483	200	0.824308390023
combined_sounds/det2_big7p.wav	1.67575963719	0.661768707483	200	0.812698412698
combined_sounds/det2_big7_es.wav	1.74541950113	0.661768707483	200	0.882358276644
combined_sounds/det2_big7_ep.wav	1.90795918367	0.661768707483	200	1.04489795918
combined_sounds/det3_big7s.wav	1.67575963719	0.650158730159	200	0.824308390023
combined_sounds/det3_big7p.wav	1.66414965986	0.650158730159	200	0.812698412698
combined_sounds/det3_big7_es.wav	1.73380952381	0.650158730159	200	0.882358276644
combined_sounds/det3_big7_ep.wav	1.89634920635	0.650158730159	200	1.04489795918
combined_sounds/det4_big7s.wav	1.65253968254	0.62693877551	200	0.824308390023
combined_sounds/det4_big7p.wav	1.64092970522	0.62693877551	200	0.812698412698
combined_sounds/det4_big7_es.wav	1.71058956916	0.62693877551	200	0.882358276644
combined_sounds/det4_big7_ep.wav	1.8731292517	0.62693877551	200	1.04489795918
combined_sounds/det1_big8s.wav	1.97761904762	0.766258503401	200	1.01006802721
combined_sounds/det1_big8p.wav	2.01244897959	0.766258503401	200	1.04489795918
combined_sounds/det1_big8_es.wav	2.11693877551	0.766258503401	200	1.1493877551
combined_sounds/det1_big8_ep.wav	2.05888888889	0.766258503401	200	1.09133786848
combined_sounds/det2_big8s.wav	1.8731292517	0.661768707483	200	1.01006802721
combined_sounds/det2_big8p.wav	1.90795918367	0.661768707483	200	1.04489795918
combined_sounds/det2_big8_es.wav	2.01244897959	0.661768707483	200	1.1493877551
combined_sounds/det2_big8_ep.wav	1.95439909297	0.661768707483	200	1.09133786848
combined_sounds/det3_big8s.wav	1.86151927438	0.650158730159	200	1.01006802721
combined_sounds/det3_big8p.wav	1.89634920635	0.650158730159	200	1.04489795918
combined_sounds/det3_big8_es.wav	2.00083900227	0.650158730159	200	1.1493877551
combined_sounds/det3_big8_ep.wav	1.94278911565	0.650158730159	200	1.09133786848
combined_sounds/det4_big8s.wav	1.83829931973	0.62693877551	200	1.01006802721
combined_sounds/det4_big8p.wav	1.8731292517	0.62693877551	200	1.04489795918
combined_sounds/det4_big8_es.wav	1.97761904762	0.62693877551	200	1.1493877551
combined_sounds/det4_big8_ep.wav	1.919569161	0.62693877551	200	1.09133786848
combined_sounds/det1_big9s.wav	1.88473922902	0.766258503401	200	0.917188208617
combined_sounds/det1_big9p.wav	1.90795918367	0.766258503401	200	0.940408163265
combined_sounds/det1_big9_es.wav	2.03566893424	0.766258503401	200	1.06811791383
combined_sounds/det1_big9_ep.wav	1.96600907029	0.766258503401	200	0.998458049887
combined_sounds/det2_big9s.wav	1.78024943311	0.661768707483	200	0.917188208617
combined_sounds/det2_big9p.wav	1.80346938776	0.661768707483	200	0.940408163265
combined_sounds/det2_big9_es.wav	1.93117913832	0.661768707483	200	1.06811791383
combined_sounds/det2_big9_ep.wav	1.86151927438	0.661768707483	200	0.998458049887
combined_sounds/det3_big9s.wav	1.76863945578	0.650158730159	200	0.917188208617
combined_sounds/det3_big9p.wav	1.79185941043	0.650158730159	200	0.940408163265
combined_sounds/det3_big9_es.wav	1.919569161	0.650158730159	200	1.06811791383
combined_sounds/det3_big9_ep.wav	1.84990929705	0.650158730159	200	0.998458049887
combined_sounds/det4_big9s.wav	1.74541950113	0.62693877551	200	0.917188208617
combined_sounds/det4_big9p.wav	1.76863945578	0.62693877551	200	0.940408163265
combined_sounds/det4_big9_es.wav	1.89634920635	0.62693877551	200	1.06811791383
combined_sounds/det4_big9_ep.wav	1.8266893424	0.62693877551	200	0.998458049887
combined_sounds/det1_big10s.wav	2.03566893424	0.766258503401	200	1.06811791383
combined_sounds/det1_big10p.wav	2.04920634921	0.766258503401	200	1.0816553288
combined_sounds/det1_big10_es.wav	2.10532879819	0.766258503401	200	1.13777777778
combined_sounds/det1_big10_ep.wav	1.93117913832	0.766258503401	200	0.963628117914
combined_sounds/det2_big10s.wav	1.93117913832	0.661768707483	200	1.06811791383
combined_sounds/det2_big10p.wav	1.94471655329	0.661768707483	200	1.0816553288
combined_sounds/det2_big10_es.wav	2.00083900227	0.661768707483	200	1.13777777778
combined_sounds/det2_big10_ep.wav	1.8266893424	0.661768707483	200	0.963628117914
combined_sounds/det3_big10s.wav	1.919569161	0.650158730159	200	1.06811791383
combined_sounds/det3_big10p.wav	1.93310657596	0.650158730159	200	1.0816553288
combined_sounds/det3_big10_es.wav	1.98922902494	0.650158730159	200	1.13777777778
combined_sounds/det3_big10_ep.wav	1.81507936508	0.650158730159	200	0.963628117914
combined_sounds/det4_big10s.wav	1.89634920635	0.62693877551	200	1.06811791383
combined_sounds/det4_big10p.wav	1.90988662132	0.62693877551	200	1.0816553288
combined_sounds/det4_big10_es.wav	1.96600907029	0.62693877551	200	1.13777777778
combined_sounds/det4_big10_ep.wav	1.79185941043	0.62693877551	200	0.963628117914
combined_sounds/det1_big11s.wav	2.16113378685	0.766258503401	200	1.19358276644
combined_sounds/det1_big11p.wav	1.72219954649	0.766258503401	200	0.754648526077
combined_sounds/det1_big11_es.wav	1.98922902494	0.766258503401	200	1.02167800454
combined_sounds/det1_big11_ep.wav	2.0119047619	0.766258503401	200	1.0443537415
combined_sounds/det2_big11s.wav	2.05664399093	0.661768707483	200	1.19358276644
combined_sounds/det2_big11p.wav	1.61770975057	0.661768707483	200	0.754648526077
combined_sounds/det2_big11_es.wav	1.88473922902	0.661768707483	200	1.02167800454
combined_sounds/det2_big11_ep.wav	1.90741496599	0.661768707483	200	1.0443537415
combined_sounds/det3_big11s.wav	2.04503401361	0.650158730159	200	1.19358276644
combined_sounds/det3_big11p.wav	1.60609977324	0.650158730159	200	0.754648526077
combined_sounds/det3_big11_es.wav	1.8731292517	0.650158730159	200	1.02167800454
combined_sounds/det3_big11_ep.wav	1.89580498866	0.650158730159	200	1.0443537415
combined_sounds/det4_big11s.wav	2.02181405896	0.62693877551	200	1.19358276644
combined_sounds/det4_big11p.wav	1.58287981859	0.62693877551	200	0.754648526077
combined_sounds/det4_big11_es.wav	1.84990929705	0.62693877551	200	1.02167800454
combined_sounds/det4_big11_ep.wav	1.87258503401	0.62693877551	200	1.0443537415
combined_sounds/det1_big12s.wav	1.80346938776	0.766258503401	200	0.835918367347
combined_sounds/det1_big12p.wav	1.71058956916	0.766258503401	200	0.743038548753
combined_sounds/det1_big12_es.wav	2.00083900227	0.766258503401	200	1.03328798186
combined_sounds/det1_big12_ep.wav	2.64136054422	0.766258503401	200	1.67380952381
combined_sounds/det2_big12s.wav	1.69897959184	0.661768707483	200	0.835918367347
combined_sounds/det2_big12p.wav	1.60609977324	0.661768707483	200	0.743038548753
combined_sounds/det2_big12_es.wav	1.89634920635	0.661768707483	200	1.03328798186
combined_sounds/det2_big12_ep.wav	2.5368707483	0.661768707483	200	1.67380952381
combined_sounds/det3_big12s.wav	1.68736961451	0.650158730159	200	0.835918367347
combined_sounds/det3_big12p.wav	1.59448979592	0.650158730159	200	0.743038548753
combined_sounds/det3_big12_es.wav	1.88473922902	0.650158730159	200	1.03328798186
combined_sounds/det3_big12_ep.wav	2.52526077098	0.650158730159	200	1.67380952381
combined_sounds/det4_big12s.wav	1.66414965986	0.62693877551	200	0.835918367347
combined_sounds/det4_big12p.wav	1.57126984127	0.62693877551	200	0.743038548753
combined_sounds/det4_big12_es.wav	1.86151927438	0.62693877551	200	1.03328798186
combined_sounds/det4_big12_ep.wav	2.50204081633	0.62693877551	200	1.67380952381
combined_sounds/det1_big13s.wav	1.8731292517	0.766258503401	200	0.905578231293
combined_sounds/det1_big13p.wav	1.84990929705	0.766258503401	200	0.882358276644
combined_sounds/det1_big13_es.wav	2.39959183673	0.766258503401	200	1.43204081633
combined_sounds/det1_big13_ep.wav	2.03566893424	0.766258503401	200	1.06811791383
combined_sounds/det2_big13s.wav	1.76863945578	0.661768707483	200	0.905578231293
combined_sounds/det2_big13p.wav	1.74541950113	0.661768707483	200	0.882358276644
combined_sounds/det2_big13_es.wav	2.29510204082	0.661768707483	200	1.43204081633
combined_sounds/det2_big13_ep.wav	1.93117913832	0.661768707483	200	1.06811791383
combined_sounds/det3_big13s.wav	1.75702947846	0.650158730159	200	0.905578231293
combined_sounds/det3_big13p.wav	1.73380952381	0.650158730159	200	0.882358276644
combined_sounds/det3_big13_es.wav	2.28349206349	0.650158730159	200	1.43204081633
combined_sounds/det3_big13_ep.wav	1.919569161	0.650158730159	200	1.06811791383
combined_sounds/det4_big13s.wav	1.73380952381	0.62693877551	200	0.905578231293
combined_sounds/det4_big13p.wav	1.71058956916	0.62693877551	200	0.882358276644
combined_sounds/det4_big13_es.wav	2.26027210884	0.62693877551	200	1.43204081633
combined_sounds/det4_big13_ep.wav	1.89634920635	0.62693877551	200	1.06811791383
combined_sounds/det1_big14s.wav	1.83829931973	0.766258503401	200	0.87074829932
combined_sounds/det1_big14p.wav	1.79185941043	0.766258503401	200	0.824308390023
combined_sounds/det1_big14_es.wav	1.919569161	0.766258503401	200	0.95201814059
combined_sounds/det1_big14_ep.wav	1.8266893424	0.766258503401	200	0.859138321995
combined_sounds/det2_big14s.wav	1.73380952381	0.661768707483	200	0.87074829932
combined_sounds/det2_big14p.wav	1.68736961451	0.661768707483	200	0.824308390023
combined_sounds/det2_big14_es.wav	1.81507936508	0.661768707483	200	0.95201814059
combined_sounds/det2_big14_ep.wav	1.72219954649	0.661768707483	200	0.859138321995
combined_sounds/det3_big14s.wav	1.72219954649	0.650158730159	200	0.87074829932
combined_sounds/det3_big14p.wav	1.67575963719	0.650158730159	200	0.824308390023
combined_sounds/det3_big14_es.wav	1.80346938776	0.650158730159	200	0.95201814059
combined_sounds/det3_big14_ep.wav	1.71058956916	0.650158730159	200	0.859138321995
combined_sounds/det4_big14s.wav	1.69897959184	0.62693877551	200	0.87074829932
combined_sounds/det4_big14p.wav	1.65253968254	0.62693877551	200	0.824308390023
combined_sounds/det4_big14_es.wav	1.78024943311	0.62693877551	200	0.95201814059
combined_sounds/det4_big14_ep.wav	1.68736961451	0.62693877551	200	0.859138321995
combined_sounds/det1_big15s.wav	2.2562585034	0.766258503401	200	1.28870748299
combined_sounds/det1_big15p.wav	2.26634920635	0.766258503401	200	1.29879818594
combined_sounds/det1_big15_es.wav	2.2562585034	0.766258503401	200	1.28870748299
combined_sounds/det1_big15_ep.wav	2.05888888889	0.766258503401	200	1.09133786848
combined_sounds/det2_big15s.wav	2.15176870748	0.661768707483	200	1.28870748299
combined_sounds/det2_big15p.wav	2.16185941043	0.661768707483	200	1.29879818594
combined_sounds/det2_big15_es.wav	2.15176870748	0.661768707483	200	1.28870748299
combined_sounds/det2_big15_ep.wav	1.95439909297	0.661768707483	200	1.09133786848
combined_sounds/det3_big15s.wav	2.14015873016	0.650158730159	200	1.28870748299
combined_sounds/det3_big15p.wav	2.15024943311	0.650158730159	200	1.29879818594
combined_sounds/det3_big15_es.wav	2.14015873016	0.650158730159	200	1.28870748299
combined_sounds/det3_big15_ep.wav	1.94278911565	0.650158730159	200	1.09133786848
combined_sounds/det4_big15s.wav	2.11693877551	0.62693877551	200	1.28870748299
combined_sounds/det4_big15p.wav	2.12702947846	0.62693877551	200	1.29879818594
combined_sounds/det4_big15_es.wav	2.11693877551	0.62693877551	200	1.28870748299
combined_sounds/det4_big15_ep.wav	1.919569161	0.62693877551	200	1.09133786848
combined_sounds/det1_big16s.wav	2.03566893424	0.766258503401	200	1.06811791383
combined_sounds/det1_big16p.wav	1.89634920635	0.766258503401	200	0.928798185941
combined_sounds/det1_big16_es.wav	2.11693877551	0.766258503401	200	1.1493877551
combined_sounds/det1_big16_ep.wav	1.95439909297	0.766258503401	200	0.986848072562
combined_sounds/det2_big16s.wav	1.93117913832	0.661768707483	200	1.06811791383
combined_sounds/det2_big16p.wav	1.79185941043	0.661768707483	200	0.928798185941
combined_sounds/det2_big16_es.wav	2.01244897959	0.661768707483	200	1.1493877551
combined_sounds/det2_big16_ep.wav	1.84990929705	0.661768707483	200	0.986848072562
combined_sounds/det3_big16s.wav	1.919569161	0.650158730159	200	1.06811791383
combined_sounds/det3_big16p.wav	1.78024943311	0.650158730159	200	0.928798185941
combined_sounds/det3_big16_es.wav	2.00083900227	0.650158730159	200	1.1493877551
combined_sounds/det3_big16_ep.wav	1.83829931973	0.650158730159	200	0.986848072562
combined_sounds/det4_big16s.wav	1.89634920635	0.62693877551	200	1.06811791383
combined_sounds/det4_big16p.wav	1.75702947846	0.62693877551	200	0.928798185941
combined_sounds/det4_big16_es.wav	1.97761904762	0.62693877551	200	1.1493877551
combined_sounds/det4_big16_ep.wav	1.81507936508	0.62693877551	200	0.986848072562
combined_sounds/det1_big17s.wav	1.98922902494	0.766258503401	200	1.02167800454
combined_sounds/det1_big17p.wav	1.94278911565	0.766258503401	200	0.975238095238
combined_sounds/det1_big17_es.wav	2.17498866213	0.766258503401	200	1.20743764172
combined_sounds/det1_big17_ep.wav	2.04727891156	0.766258503401	200	1.07972789116
combined_sounds/det2_big17s.wav	1.88473922902	0.661768707483	200	1.02167800454
combined_sounds/det2_big17p.wav	1.83829931973	0.661768707483	200	0.975238095238
combined_sounds/det2_big17_es.wav	2.07049886621	0.661768707483	200	1.20743764172
combined_sounds/det2_big17_ep.wav	1.94278911565	0.661768707483	200	1.07972789116
combined_sounds/det3_big17s.wav	1.8731292517	0.650158730159	200	1.02167800454
combined_sounds/det3_big17p.wav	1.8266893424	0.650158730159	200	0.975238095238
combined_sounds/det3_big17_es.wav	2.05888888889	0.650158730159	200	1.20743764172
combined_sounds/det3_big17_ep.wav	1.93117913832	0.650158730159	200	1.07972789116
combined_sounds/det4_big17s.wav	1.84990929705	0.62693877551	200	1.02167800454
combined_sounds/det4_big17p.wav	1.80346938776	0.62693877551	200	0.975238095238
combined_sounds/det4_big17_es.wav	2.03566893424	0.62693877551	200	1.20743764172
combined_sounds/det4_big17_ep.wav	1.90795918367	0.62693877551	200	1.07972789116
combined_sounds/det1_small0s.wav	2.09371882086	0.766258503401	200	1.12616780045
combined_sounds/det1_small0p.wav	2.07049886621	0.766258503401	200	1.1029478458
combined_sounds/det1_small0_es.wav	1.8958276644	0.766258503401	200	0.928276643991
combined_sounds/det1_small0_ep.wav	1.919569161	0.766258503401	200	0.95201814059
combined_sounds/det2_small0s.wav	1.98922902494	0.661768707483	200	1.12616780045
combined_sounds/det2_small0p.wav	1.96600907029	0.661768707483	200	1.1029478458
combined_sounds/det2_small0_es.wav	1.79133786848	0.661768707483	200	0.928276643991
combined_sounds/det2_small0_ep.wav	1.81507936508	0.661768707483	200	0.95201814059
combined_sounds/det3_small0s.wav	1.97761904762	0.650158730159	200	1.12616780045
combined_sounds/det3_small0p.wav	1.95439909297	0.650158730159	200	1.1029478458
combined_sounds/det3_small0_es.wav	1.77972789116	0.650158730159	200	0.928276643991
combined_sounds/det3_small0_ep.wav	1.80346938776	0.650158730159	200	0.95201814059
combined_sounds/det4_small0s.wav	1.95439909297	0.62693877551	200	1.12616780045
combined_sounds/det4_small0p.wav	1.93117913832	0.62693877551	200	1.1029478458
combined_sounds/det4_small0_es.wav	1.75650793651	0.62693877551	200	0.928276643991
combined_sounds/det4_small0_ep.wav	1.78024943311	0.62693877551	200	0.95201814059
combined_sounds/det1_small1s.wav	1.90795918367	0.766258503401	200	0.940408163265
combined_sounds/det1_small1p.wav	1.89634920635	0.766258503401	200	0.928798185941
combined_sounds/det1_small1_es.wav	1.94278911565	0.766258503401	200	0.975238095238
combined_sounds/det1_small1_ep.wav	1.97761904762	0.766258503401	200	1.01006802721
combined_sounds/det2_small1s.wav	1.80346938776	0.661768707483	200	0.940408163265
combined_sounds/det2_small1p.wav	1.79185941043	0.661768707483	200	0.928798185941
combined_sounds/det2_small1_es.wav	1.83829931973	0.661768707483	200	0.975238095238
combined_sounds/det2_small1_ep.wav	1.8731292517	0.661768707483	200	1.01006802721
combined_sounds/det3_small1s.wav	1.79185941043	0.650158730159	200	0.940408163265
combined_sounds/det3_small1p.wav	1.78024943311	0.650158730159	200	0.928798185941
combined_sounds/det3_small1_es.wav	1.8266893424	0.650158730159	200	0.975238095238
combined_sounds/det3_small1_ep.wav	1.86151927438	0.650158730159	200	1.01006802721
combined_sounds/det4_small1s.wav	1.76863945578	0.62693877551	200	0.940408163265
combined_sounds/det4_small1p.wav	1.75702947846	0.62693877551	200	0.928798185941
combined_sounds/det4_small1_es.wav	1.80346938776	0.62693877551	200	0.975238095238
combined_sounds/det4_small1_ep.wav	1.83829931973	0.62693877551	200	1.01006802721
combined_sounds/det1_small2s.wav	1.94278911565	0.766258503401	200	0.975238095238
combined_sounds/det1_small2p.wav	2.15782312925	0.766258503401	200	1.19027210884
combined_sounds/det1_small2_es.wav	1.72219954649	0.766258503401	200	0.754648526077
combined_sounds/det1_small2_ep.wav	1.83829931973	0.766258503401	200	0.87074829932
combined_sounds/det2_small2s.wav	1.83829931973	0.661768707483	200	0.975238095238
combined_sounds/det2_small2p.wav	2.05333333333	0.661768707483	200	1.19027210884
combined_sounds/det2_small2_es.wav	1.61770975057	0.661768707483	200	0.754648526077
combined_sounds/det2_small2_ep.wav	1.73380952381	0.661768707483	200	0.87074829932
combined_sounds/det3_small2s.wav	1.8266893424	0.650158730159	200	0.975238095238
combined_sounds/det3_small2p.wav	2.04172335601	0.650158730159	200	1.19027210884
combined_sounds/det3_small2_es.wav	1.60609977324	0.650158730159	200	0.754648526077
combined_sounds/det3_small2_ep.wav	1.72219954649	0.650158730159	200	0.87074829932
combined_sounds/det4_small2s.wav	1.80346938776	0.62693877551	200	0.975238095238
combined_sounds/det4_small2p.wav	2.01850340136	0.62693877551	200	1.19027210884
combined_sounds/det4_small2_es.wav	1.58287981859	0.62693877551	200	0.754648526077
combined_sounds/det4_small2_ep.wav	1.69897959184	0.62693877551	200	0.87074829932
combined_sounds/det1_small3s.wav	2.16337868481	0.766258503401	200	1.1958276644
combined_sounds/det1_small3p.wav	1.90795918367	0.766258503401	200	0.940408163265
combined_sounds/det1_small3_es.wav	1.90795918367	0.766258503401	200	0.940408163265
combined_sounds/det1_small3_ep.wav	1.83829931973	0.766258503401	200	0.87074829932
combined_sounds/det2_small3s.wav	2.05888888889	0.661768707483	200	1.1958276644
combined_sounds/det2_small3p.wav	1.80346938776	0.661768707483	200	0.940408163265
combined_sounds/det2_small3_es.wav	1.80346938776	0.661768707483	200	0.940408163265
combined_sounds/det2_small3_ep.wav	1.73380952381	0.661768707483	200	0.87074829932
combined_sounds/det3_small3s.wav	2.04727891156	0.650158730159	200	1.1958276644
combined_sounds/det3_small3p.wav	1.79185941043	0.650158730159	200	0.940408163265
combined_sounds/det3_small3_es.wav	1.79185941043	0.650158730159	200	0.940408163265
combined_sounds/det3_small3_ep.wav	1.72219954649	0.650158730159	200	0.87074829932
combined_sounds/det4_small3s.wav	2.02405895692	0.62693877551	200	1.1958276644
combined_sounds/det4_small3p.wav	1.76863945578	0.62693877551	200	0.940408163265
combined_sounds/det4_small3_es.wav	1.76863945578	0.62693877551	200	0.940408163265
combined_sounds/det4_small3_ep.wav	1.69897959184	0.62693877551	200	0.87074829932
combined_sounds/det1_small4s.wav	2.29167800454	0.766258503401	200	1.32412698413
combined_sounds/det1_small4p.wav	1.84990929705	0.766258503401	200	0.882358276644
combined_sounds/det1_small4_es.wav	2.02405895692	0.766258503401	200	1.05650793651
combined_sounds/det1_small4_ep.wav	2.13922902494	0.766258503401	200	1.17167800454
combined_sounds/det2_small4s.wav	2.18718820862	0.661768707483	200	1.32412698413
combined_sounds/det2_small4p.wav	1.74541950113	0.661768707483	200	0.882358276644
combined_sounds/det2_small4_es.wav	1.919569161	0.661768707483	200	1.05650793651
combined_sounds/det2_small4_ep.wav	2.03473922902	0.661768707483	200	1.17167800454
combined_sounds/det3_small4s.wav	2.17557823129	0.650158730159	200	1.32412698413
combined_sounds/det3_small4p.wav	1.73380952381	0.650158730159	200	0.882358276644
combined_sounds/det3_small4_es.wav	1.90795918367	0.650158730159	200	1.05650793651
combined_sounds/det3_small4_ep.wav	2.0231292517	0.650158730159	200	1.17167800454
combined_sounds/det4_small4s.wav	2.15235827664	0.62693877551	200	1.32412698413
combined_sounds/det4_small4p.wav	1.71058956916	0.62693877551	200	0.882358276644
combined_sounds/det4_small4_es.wav	1.88473922902	0.62693877551	200	1.05650793651
combined_sounds/det4_small4_ep.wav	1.99990929705	0.62693877551	200	1.17167800454
combined_sounds/det1_small5s.wav	2.03566893424	0.766258503401	200	1.06811791383
combined_sounds/det1_small5p.wav	2.06482993197	0.766258503401	200	1.09727891156
combined_sounds/det1_small5_es.wav	1.97462585034	0.766258503401	200	1.00707482993
combined_sounds/det1_small5_ep.wav	1.8731292517	0.766258503401	200	0.905578231293
combined_sounds/det2_small5s.wav	1.93117913832	0.661768707483	200	1.06811791383
combined_sounds/det2_small5p.wav	1.96034013605	0.661768707483	200	1.09727891156
combined_sounds/det2_small5_es.wav	1.87013605442	0.661768707483	200	1.00707482993
combined_sounds/det2_small5_ep.wav	1.76863945578	0.661768707483	200	0.905578231293
combined_sounds/det3_small5s.wav	1.919569161	0.650158730159	200	1.06811791383
combined_sounds/det3_small5p.wav	1.94873015873	0.650158730159	200	1.09727891156
combined_sounds/det3_small5_es.wav	1.8585260771	0.650158730159	200	1.00707482993
combined_sounds/det3_small5_ep.wav	1.75702947846	0.650158730159	200	0.905578231293
combined_sounds/det4_small5s.wav	1.89634920635	0.62693877551	200	1.06811791383
combined_sounds/det4_small5p.wav	1.92551020408	0.62693877551	200	1.09727891156
combined_sounds/det4_small5_es.wav	1.83530612245	0.62693877551	200	1.00707482993
combined_sounds/det4_small5_ep.wav	1.73380952381	0.62693877551	200	0.905578231293
combined_sounds/det1_small6s.wav	2.08210884354	0.766258503401	200	1.11455782313
combined_sounds/det1_small6p.wav	2.08210884354	0.766258503401	200	1.11455782313
combined_sounds/det1_small6_es.wav	2.12854875283	0.766258503401	200	1.16099773243
combined_sounds/det1_small6_ep.wav	1.8731292517	0.766258503401	200	0.905578231293
combined_sounds/det2_small6s.wav	1.97761904762	0.661768707483	200	1.11455782313
combined_sounds/det2_small6p.wav	1.97761904762	0.661768707483	200	1.11455782313
combined_sounds/det2_small6_es.wav	2.02405895692	0.661768707483	200	1.16099773243
combined_sounds/det2_small6_ep.wav	1.76863945578	0.661768707483	200	0.905578231293
combined_sounds/det3_small6s.wav	1.96600907029	0.650158730159	200	1.11455782313
combined_sounds/det3_small6p.wav	1.96600907029	0.650158730159	200	1.11455782313
combined_sounds/det3_small6_es.wav	2.01244897959	0.650158730159	200	1.16099773243
combined_sounds/det3_small6_ep.wav	1.75702947846	0.650158730159	200	0.905578231293
combined_sounds/det4_small6s.wav	1.94278911565	0.62693877551	200	1.11455782313
combined_sounds/det4_small6p.wav	1.94278911565	0.62693877551	200	1.11455782313
combined_sounds/det4_small6_es.wav	1.98922902494	0.62693877551	200	1.16099773243
combined_sounds/det4_small6_ep.wav	1.73380952381	0.62693877551	200	0.905578231293
combined_sounds/det1_small7s.wav	2.00083900227	0.766258503401	200	1.03328798186
combined_sounds/det1_small7p.wav	1.88473922902	0.766258503401	200	0.917188208617
combined_sounds/det1_small7_es.wav	2.08653061224	0.766258503401	200	1.11897959184
combined_sounds/det1_small7_ep.wav	1.81507936508	0.766258503401	200	0.847528344671
combined_sounds/det2_small7s.wav	1.89634920635	0.661768707483	200	1.03328798186
combined_sounds/det2_small7p.wav	1.78024943311	0.661768707483	200	0.917188208617
combined_sounds/det2_small7_es.wav	1.98204081633	0.661768707483	200	1.11897959184
combined_sounds/det2_small7_ep.wav	1.71058956916	0.661768707483	200	0.847528344671
combined_sounds/det3_small7s.wav	1.88473922902	0.650158730159	200	1.03328798186
combined_sounds/det3_small7p.wav	1.76863945578	0.650158730159	200	0.917188208617
combined_sounds/det3_small7_es.wav	1.970430839	0.650158730159	200	1.11897959184
combined_sounds/det3_small7_ep.wav	1.69897959184	0.650158730159	200	0.847528344671
combined_sounds/det4_small7s.wav	1.86151927438	0.62693877551	200	1.03328798186
combined_sounds/det4_small7p.wav	1.74541950113	0.62693877551	200	0.917188208617
combined_sounds/det4_small7_es.wav	1.94721088435	0.62693877551	200	1.11897959184
combined_sounds/det4_small7_ep.wav	1.67575963719	0.62693877551	200	0.847528344671
combined_sounds/det1_small8s.wav	1.97761904762	0.766258503401	200	1.01006802721
combined_sounds/det1_small8p.wav	1.95439909297	0.766258503401	200	0.986848072562
combined_sounds/det1_small8_es.wav	1.97462585034	0.766258503401	200	1.00707482993
combined_sounds/det1_small8_ep.wav	1.86151927438	0.766258503401	200	0.893968253968
combined_sounds/det2_small8s.wav	1.8731292517	0.661768707483	200	1.01006802721
combined_sounds/det2_small8p.wav	1.84990929705	0.661768707483	200	0.986848072562
combined_sounds/det2_small8_es.wav	1.87013605442	0.661768707483	200	1.00707482993
combined_sounds/det2_small8_ep.wav	1.75702947846	0.661768707483	200	0.893968253968
combined_sounds/det3_small8s.wav	1.86151927438	0.650158730159	200	1.01006802721
combined_sounds/det3_small8p.wav	1.83829931973	0.650158730159	200	0.986848072562
combined_sounds/det3_small8_es.wav	1.8585260771	0.650158730159	200	1.00707482993
combined_sounds/det3_small8_ep.wav	1.74541950113	0.650158730159	200	0.893968253968
combined_sounds/det4_small8s.wav	1.83829931973	0.62693877551	200	1.01006802721
combined_sounds/det4_small8p.wav	1.81507936508	0.62693877551	200	0.986848072562
combined_sounds/det4_small8_es.wav	1.83530612245	0.62693877551	200	1.00707482993
combined_sounds/det4_small8_ep.wav	1.72219954649	0.62693877551	200	0.893968253968
combined_sounds/det1_small9s.wav	2.05888888889	0.766258503401	200	1.09133786848
combined_sounds/det1_small9p.wav	1.94278911565	0.766258503401	200	0.975238095238
combined_sounds/det1_small9_es.wav	2.00083900227	0.766258503401	200	1.03328798186
combined_sounds/det1_small9_ep.wav	1.88473922902	0.766258503401	200	0.917188208617
combined_sounds/det2_small9s.wav	1.95439909297	0.661768707483	200	1.09133786848
combined_sounds/det2_small9p.wav	1.83829931973	0.661768707483	200	0.975238095238
combined_sounds/det2_small9_es.wav	1.89634920635	0.661768707483	200	1.03328798186
combined_sounds/det2_small9_ep.wav	1.78024943311	0.661768707483	200	0.917188208617
combined_sounds/det3_small9s.wav	1.94278911565	0.650158730159	200	1.09133786848
combined_sounds/det3_small9p.wav	1.8266893424	0.650158730159	200	0.975238095238
combined_sounds/det3_small9_es.wav	1.88473922902	0.650158730159	200	1.03328798186
combined_sounds/det3_small9_ep.wav	1.76863945578	0.650158730159	200	0.917188208617
combined_sounds/det4_small9s.wav	1.919569161	0.62693877551	200	1.09133786848
combined_sounds/det4_small9p.wav	1.80346938776	0.62693877551	200	0.975238095238
combined_sounds/det4_small9_es.wav	1.86151927438	0.62693877551	200	1.03328798186
combined_sounds/det4_small9_ep.wav	1.74541950113	0.62693877551	200	0.917188208617
combined_sounds/det1_small10s.wav	1.96600907029	0.766258503401	200	0.998458049887
combined_sounds/det1_small10p.wav	2.03566893424	0.766258503401	200	1.06811791383
combined_sounds/det1_small10_es.wav	1.92607709751	0.766258503401	200	0.958526077098
combined_sounds/det1_small10_ep.wav	2.07049886621	0.766258503401	200	1.1029478458
combined_sounds/det2_small10s.wav	1.86151927438	0.661768707483	200	0.998458049887
combined_sounds/det2_small10p.wav	1.93117913832	0.661768707483	200	1.06811791383
combined_sounds/det2_small10_es.wav	1.82158730159	0.661768707483	200	0.958526077098
combined_sounds/det2_small10_ep.wav	1.96600907029	0.661768707483	200	1.1029478458
combined_sounds/det3_small10s.wav	1.84990929705	0.650158730159	200	0.998458049887
combined_sounds/det3_small10p.wav	1.919569161	0.650158730159	200	1.06811791383
combined_sounds/det3_small10_es.wav	1.80997732426	0.650158730159	200	0.958526077098
combined_sounds/det3_small10_ep.wav	1.95439909297	0.650158730159	200	1.1029478458
combined_sounds/det4_small10s.wav	1.8266893424	0.62693877551	200	0.998458049887
combined_sounds/det4_small10p.wav	1.89634920635	0.62693877551	200	1.06811791383
combined_sounds/det4_small10_es.wav	1.78675736961	0.62693877551	200	0.958526077098
combined_sounds/det4_small10_ep.wav	1.93117913832	0.62693877551	200	1.1029478458
combined_sounds/det1_small11s.wav	2.00904761905	0.766258503401	200	1.04149659864
combined_sounds/det1_small11p.wav	1.96600907029	0.766258503401	200	0.998458049887
combined_sounds/det1_small11_es.wav	2.08210884354	0.766258503401	200	1.11455782313
combined_sounds/det1_small11_ep.wav	2.12063492063	0.766258503401	200	1.15308390023
combined_sounds/det2_small11s.wav	1.90455782313	0.661768707483	200	1.04149659864
combined_sounds/det2_small11p.wav	1.86151927438	0.661768707483	200	0.998458049887
combined_sounds/det2_small11_es.wav	1.97761904762	0.661768707483	200	1.11455782313
combined_sounds/det2_small11_ep.wav	2.01614512472	0.661768707483	200	1.15308390023
combined_sounds/det3_small11s.wav	1.8929478458	0.650158730159	200	1.04149659864
combined_sounds/det3_small11p.wav	1.84990929705	0.650158730159	200	0.998458049887
combined_sounds/det3_small11_es.wav	1.96600907029	0.650158730159	200	1.11455782313
combined_sounds/det3_small11_ep.wav	2.00453514739	0.650158730159	200	1.15308390023
combined_sounds/det4_small11s.wav	1.86972789116	0.62693877551	200	1.04149659864
combined_sounds/det4_small11p.wav	1.8266893424	0.62693877551	200	0.998458049887
combined_sounds/det4_small11_es.wav	1.94278911565	0.62693877551	200	1.11455782313
combined_sounds/det4_small11_ep.wav	1.98131519274	0.62693877551	200	1.15308390023
